                  1                   1
                  5                  25
                  6                  36
                 25                 625
                 76                5776
                376              141376
                625              390625
               9376            87909376
              90625          8212890625
             109376         11963109376
             890625        793212890625
            2890625       8355712890625
            7109376      50543227109376
           12890625     166168212890625
           87109376    7588043387109376
          212890625   45322418212890625
          787109376  619541169787109376
         1787109376 3193759921787109376
End of numbers: 3037000501
